1000
16808
75250
50074
43659
8931
11273
27545
50879
77924
37710
64441
38166
84493
43043
7988
22504
82328
31730
78841
42613
44304
33170
17710
97158
29561
70934
93100
80279
51817
95336
99098
7827
13513
29268
23811
77634
80980
79150
36580
58822
11968
10673
1394
19337
25486
91746
25229
94092
40195
86358
35002
21154
16709
57945
15669
71491
88125
2197
9531
60904
27723
54667
28550
18025
97802
6854
40978
47409
8229
74934
60299
38982
28636
8014
23866
89815
39064
54537
39426
1670
24116
20095
75630
46502
46518
34196
30106
10405
19452
94299
82189
21124
99506
46883
6753
31567
36717
30338
54439
53145
51502
44898
83872
55829
11138
19359
53178
82398
22295
77905
21610
46232
59746
44176
53636
66299
98143
80400
27969
90413
261
73558
41595
88009
16396
25969
19114
4531
71007
10963
97943
85366
42083
79853
30768
33822
85696
24713
73672
59902
48591
24832
14739
53058
31617
19791
55641
10680
37336
77007
97973
36099
49096
75320
83455
45224
12290
56761
48906
86127
36124
29507
45814
76771
35239
29095
96221
87845
12367
40535
25227
15395
41364
18739
7845
59591
36551
45160
8624
64948
97386
7218
95273
55540
99248
42386
13497
94886
40624
82421
28145
31969
35736
99916
61626
63535
46043
96012
54680
24153
75245
77296
78819
90397
87693
1816
12992
40034
22670
19398
89554
10548
75826
21211
29663
30212
33809
73378
22762
626
37336
1869
77996
2777
62768
97440
29875
89332
40557
56302
68873
561
20095
18985
13756
39790
51408
28016
30194
22770
15681
3456
16856
67507
70964
33503
86677
63109
63250
2332
77845
87639
60809
39998
28652
54850
45204
95732
96532
98015
95420
36776
42010
30181
87930
95224
44055
88261
76738
91546
47318
37526
4201
34257
21565
60598
6649
37705
25551
25151
41977
1413
38555
82798
2505
48382
34749
7066
59379
47700
78210
25130
78554
65484
50448
64608
80774
45323
64306
55177
70054
27225
84631
80367
5401
60445
95371
70286
83017
93899
8156
41134
15558
96577
53179
58267
87358
21712
27879
20615
74820
95738
83134
20592
23721
48763
6634
76198
76032
38589
60590
54874
98878
37305
79359
61201
77255
68961
14916
93948
45481
7731
69956
74547
37108
41239
40001
84927
45036
74858
61114
50115
29594
1361
98355
68419
25358
42586
13730
21016
76564
6103
60918
86644
19420
62968
47748
45270
55396
23304
4474
19104
11749
24386
5659
63460
45407
73931
39825
85133
974
59604
46898
7921
3951
35232
88481
20204
13901
24521
62534
81259
17004
18677
20951
23935
58781
79880
41833
82575
33550
74543
6250
52772
66311
15880
984
69971
92041
82724
73651
2972
53230
90319
17747
10300
87231
85622
70777
50125
68245
76959
47697
66772
29065
91561
56599
18752
69941
64504
89552
92802
27206
15081
80419
59275
59650
40414
83321
19026
22013
1784
54789
24118
24009
81551
65325
19196
51258
24512
35691
38667
62411
60594
90554
9566
90961
28743
51404
54353
7308
56142
44911
13201
92800
43128
20172
57788
34415
31626
16642
19518
55349
1843
14316
15975
81446
11374
72221
39912
9240
45055
41306
56930
82254
54190
15167
4357
59305
59861
45899
5593
1721
66117
51581
98868
49353
26940
78699
94902
60812
16617
56892
48672
31729
26672
51662
77046
3121
20241
17159
99454
69628
85351
53712
35564
29595
7534
1728
7828
98796
19532
37443
51517
85007
78516
66925
42602
27098
68662
67104
34325
80109
44937
2282
17016
43711
63217
1906
75974
67782
82721
70792
81170
97866
15828
29537
16729
57126
20385
80168
89950
477
16047
21577
68667
77468
60521
27385
41992
25211
33259
28212
68745
19519
85719
21935
66826
80768
58690
49819
73015
11826
2919
58029
33030
78035
6728
51241
33755
86541
8397
90936
3084
48049
46866
87012
15253
53065
77877
17238
32676
70246
82711
70416
28193
24711
54748
63038
1300
68448
49716
41694
59580
67130
95165
33980
53502
95526
10290
74959
14034
11801
65090
87671
35218
80847
21039
9544
40339
85937
3322
97720
36497
91248
43789
28360
25988
45036
65236
83913
85685
45990
83785
63735
22668
520
72616
67046
65977
26662
65826
82820
71632
22904
72699
36799
92640
14005
9504
680
48766
7392
4108
64925
14366
57122
14455
77107
27451
51704
30833
71033
32142
61655
81978
42218
53901
57290
73466
84748
3623
89880
59318
1517
64049
82763
21030
49040
52709
5904
2658
10762
75753
61467
8622
44558
6997
26956
66931
21495
45556
92222
29313
2294
31428
42233
77445
34792
2199
49153
44857
73571
64304
27440
12915
35800
26767
91836
81922
46044
22753
74087
89720
39151
68411
18624
44670
9606
49944
37312
22432
77993
39817
38700
86972
80640
1371
25837
79892
82858
94834
83329
18178
74411
17684
85177
23490
72092
70435
84712
26905
91027
64892
10791
523
59365
6891
24885
16814
41442
7128
16180
85785
94538
29871
87562
32582
74166
45803
57733
67333
47855
59760
9848
72378
40463
79011
43820
98151
13378
942
43837
26721
32300
96113
34760
19957
74391
36153
30049
95015
59045
14919
40151
50102
41296
19822
95732
44502
28246
54962
46058
3511
93929
50806
62174
82138
9670
39097
4504
47422
18676
78519
24301
76490
40263
32055
68264
58644
24890
45251
76736
69416
31365
52495
50964
67759
85653
85093
57317
66715
61421
58061
7451
63369
78742
91848
99197
4788
2502
88235
93129
70572
77449
87876
17254
41872
69330
62294
33720
73472
38821
25765
81080
42631
94411
88081
66114
63343
98139
48383
46045
98829
98394
63576
981
9001
45597
5948
67371
66088
6544
52734
62853
90262
76825
54401
82381
70779
71858
73424
59499
67015
52846
61663
68510
26611
96850
9219
19291
75056
85744
18556
36386
6535
86276
77322
11152
21227
75252
94460
32784
16715
66438
37880
7699
14101
83138
94286
45879
18285
70343
64916
45961
63068
35141
10708
43567
20729
563
66364
41970
42891
12624
22279
17314
45762
27011
34841
76979
46001
7395
34508
87657
66552
61787
93432
54545
80740
8777
7585
74253
74109
75515
91455
95020
83029
66672
92371
56664
67948
84025
24544
16855
6009
14982
80553
86289
68164
8360
11020
55380
95357
19462
8488
8354
43900
85789
94245
69881
82467
38284
65275
237
18910
98568
21835
47940
69685
69652
89550
9267
47468
111
19590
86328
97774
25582
89296
7937
37875
45436
58232
66973
83029
19799
39071
74588
66298
69090
2647
29091
58112
66613
57464
72113
23782
51952
29231
100
321 599
128 750
600 759
754 950
194 224
632 639
777 882
632 800
383 827
153 849
521 589
818 877
900 996
120 344
599 953
144 567
870 886
599 967
618 888
452 848
800 862
840 949
385 863
515 854
878 961
561 580
48 454
440 701
770 968
251 560
869 933
469 800
172 615
125 594
850 931
243 921
869 876
394 910
392 608
524 629
519 763
562 699
725 959
949 961
322 556
93 849
122 993
366 510
23 807
639 928
793 818
178 712
771 897
355 491
489 595
120 142
312 776
347 438
851 950
811 996
736 933
607 789
866 995
412 961
40 313
257 346
295 334
251 315
694 844
138 779
875 973
292 441
562 876
236 866
873 988
484 836
119 512
328 339
262 307
716 799
172 436
0 370
398 908
545 868
300 343
192 739
783 817
801 954
221 471
513 766
531 649
819 824
856 944
254 740
814 893
537 641
297 358
760 892
191 463
174 739
