100393.0
99983.0
100436.0
100479.0
100542.0
100436.0
100897.0
100436.0
100393.0
99983.0
100393.0
100897.0
100027.0
99767.0
100436.0
99983.0
106451.0
100153.0
100436.0
100393.0
100897.0
100479.0
100393.0
100393.0
100479.0
102835.0
99715.0
100393.0
100153.0
100393.0
100479.0
100393.0
99983.0
99983.0
100479.0
100393.0
152762.0
100393.0
100393.0
100393.0
100393.0
100436.0
100439.0
108270.0
100393.0
99767.0
99617.0
100890.0
99458.0
100439.0
103427.0
99983.0
100858.0
100890.0
100393.0
100177.0
100393.0
100890.0
100479.0
100027.0
100439.0
100436.0
100027.0
100393.0
99715.0
101329.0
105317.0
101329.0
100439.0
99983.0
100153.0
100890.0
100436.0
100393.0
100027.0
100393.0
99767.0
114832.0
101329.0
100439.0
100067.0
99715.0
100393.0
100393.0
105317.0
99983.0
103427.0
100479.0
100477.0
100393.0
100393.0
107367.0
100479.0
100393.0
100897.0
100393.0
101277.0
100858.0
100067.0
99983.0
