50
1 1 1 0
0
8 66 29 7
30
2 57
7 59
6 45
5 14
6 35
2 34
3 15
0 64
2 10
7 30
4 12
3 38
0 18
0 47
2 27
2 53
1 21
3 53
3 46
3 3
2 1
4 23
1 56
4 61
4 7
0 20
7 29
4 30
6 38
0 23
86 98 23 19
17
65 54
76 26
51 66
0 74
4 85
19 31
78 23
16 15
63 30
3 59
18 97
74 87
52 10
19 57
71 12
28 63
63 29
37 43 28 46
43
19 4
21 27
3 33
25 19
1 6
8 7
11 13
8 18
18 2
7 22
17 22
31 27
21 13
8 28
2 18
16 35
12 32
30 28
30 40
2 28
22 18
21 6
30 42
7 28
22 27
9 32
31 26
21 7
21 25
16 3
23 9
32 2
5 28
23 2
30 0
16 30
26 39
6 17
28 26
9 38
10 12
16 14
6 3
21 24 0 21
39
3 7
9 18
2 6
13 11
20 18
16 22
4 23
2 12
16 23
3 0
19 22
6 18
15 12
18 11
14 6
20 15
11 18
9 21
9 23
17 14
3 6
16 19
6 10
16 14
7 10
13 12
4 6
5 12
10 17
14 9
16 17
1 17
10 13
10 23
19 2
15 15
8 23
20 7
2 1
11 53 0 7
4
4 12
0 18
7 46
1 46
6 69 28 0
20
5 6
4 52
0 56
5 44
4 20
4 4
0 55
0 63
5 4
0 44
4 5
2 39
3 67
3 0
5 60
2 42
1 56
3 63
4 21
0 46
9 74 24 21
49
1 70
3 68
1 8
3 60
4 26
0 57
8 19
3 20
0 11
4 6
1 2
0 35
8 5
5 66
1 36
6 25
1 50
0 47
8 55
8 50
3 11
7 26
6 73
6 1
6 39
4 35
1 64
8 66
5 44
2 41
2 11
5 12
2 66
1 51
1 48
8 8
5 60
3 26
8 43
5 43
0 3
0 29
0 69
2 5
3 13
8 39
6 72
6 46
8 23
51 94 50 10
21
30 27
32 56
31 58
25 71
1 62
4 9
48 50
20 40
39 68
45 57
7 67
36 3
10 61
28 16
2 28
37 19
29 62
30 73
26 5
37 62
1 82
33 22 35 22
8
22 20
31 7
13 14
0 12
27 4
8 19
12 8
6 4
84 19 38 14
11
74 8
26 0
11 7
34 11
27 12
68 9
81 9
26 3
38 7
78 8
61 6
51 19 50 1
38
22 8
39 12
47 5
11 18
24 6
41 11
22 5
41 3
47 12
24 15
50 0
27 9
14 10
26 11
50 7
10 2
35 18
31 13
14 12
1 9
9 18
21 0
24 7
14 1
21 18
6 2
20 16
0 12
5 16
50 16
22 1
29 4
7 13
18 15
26 6
33 16
47 18
40 16
70 50 16 27
44
12 11
51 16
27 46
67 30
67 11
49 42
33 12
14 11
69 12
52 24
47 46
35 32
23 48
68 49
43 7
46 15
46 49
47 31
51 40
54 12
4 31
51 21
44 36
30 13
6 41
64 27
37 41
33 19
33 5
23 34
31 6
25 47
15 8
32 22
34 43
45 42
44 41
12 29
69 16
48 12
35 8
43 13
55 4
18 31
87 58 9 16
10
47 29
6 20
48 18
46 20
3 2
16 9
57 45
64 10
76 31
5 31
70 21 12 45
0
73 83 29 48
48
49 41
29 39
40 7
63 53
65 26
24 29
53 50
17 57
2 57
43 16
70 19
38 55
55 42
52 4
62 33
14 57
50 37
53 39
15 29
16 53
46 41
1 18
65 18
65 52
54 41
66 48
64 51
67 79
33 25
59 4
22 20
18 52
5 60
19 59
33 38
41 61
26 55
5 22
27 78
70 44
59 76
63 8
65 16
19 69
0 77
43 72
10 23
64 82
62 78 12 1
46
22 34
53 27
24 33
22 17
43 7
45 10
24 25
16 65
20 16
50 7
2 29
24 5
44 42
7 66
33 58
54 21
58 49
6 21
31 5
45 29
12 43
33 36
30 50
60 2
5 45
58 30
17 75
32 45
50 58
32 26
5 2
61 49
33 56
30 21
18 2
29 64
28 38
50 49
38 65
17 34
32 59
40 10
42 43
36 50
1 63
53 48
33 42 36 39
49
31 15
1 35
17 3
23 38
24 25
19 10
29 12
32 37
30 39
17 32
31 23
26 5
16 31
18 40
21 36
7 38
20 7
15 13
28 1
15 33
5 4
24 20
9 12
25 27
6 22
16 5
17 15
24 26
21 38
4 38
27 18
7 37
25 36
1 5
8 4
1 30
8 5
13 36
29 20
12 21
29 26
10 18
29 13
6 12
19 40
29 32
13 13
8 8
3 4
6 59 12 45
19
1 24
3 54
2 54
3 39
0 42
4 16
1 34
1 51
3 26
3 7
3 32
2 29
2 52
2 26
0 27
5 45
2 39
3 49
2 33
2 10 2 37
0
18 5 28 36
19
6 3
5 4
3 0
7 1
9 1
17 0
13 2
2 1
6 0
10 2
11 2
8 3
3 3
0 4
11 3
16 2
14 3
1 2
0 3
87 10 50 8
23
2 4
54 9
1 5
48 9
75 6
70 3
29 5
72 9
42 2
56 9
64 1
30 6
12 2
18 1
80 2
29 4
10 0
82 3
21 9
33 9
40 0
76 0
28 3
57 77 45 3
48
47 62
43 24
8 61
47 2
14 44
52 72
8 5
8 17
42 35
46 8
41 58
47 7
27 37
12 27
27 53
19 61
33 33
32 25
16 72
13 44
34 71
52 14
5 1
56 55
45 14
6 53
15 72
52 66
21 56
52 6
33 47
34 27
9 6
44 32
33 63
39 72
25 65
45 66
12 65
51 43
28 45
56 21
14 18
42 58
11 39
11 8
44 7
50 46
9 41 15 13
29
7 29
5 33
1 31
5 15
2 5
0 19
0 13
7 11
8 12
0 35
7 39
7 16
8 4
2 38
6 31
1 30
3 16
8 21
1 16
3 14
5 12
6 20
2 13
4 29
6 16
8 1
7 32
5 30
3 29
52 26 3 11
47
33 21
16 20
16 13
30 22
33 15
22 7
38 25
6 0
38 19
13 20
27 11
23 23
36 21
35 3
35 7
35 19
27 7
2 17
4 16
15 15
26 23
44 8
0 19
35 25
2 19
51 6
36 18
21 16
29 25
48 22
15 22
6 9
20 20
36 6
29 22
32 8
12 18
30 25
48 24
23 19
14 23
36 17
20 21
1 6
0 23
0 5
12 6
59 6 44 3
40
47 5
1 5
39 3
17 0
38 4
4 1
33 0
52 0
31 2
54 2
26 1
25 0
43 5
27 2
37 3
7 5
18 2
28 2
12 4
45 3
15 5
0 3
56 0
13 3
19 0
38 2
10 1
47 2
9 0
21 3
35 0
35 4
56 4
16 0
19 1
34 2
24 0
17 2
58 4
3 0
34 71 8 15
22
27 36
19 19
21 58
16 12
30 6
14 53
25 31
7 69
15 51
21 16
30 39
11 1
2 61
5 15
4 12
2 44
0 34
0 68
15 37
26 64
13 50
0 22
10 21 5 45
3
3 3
6 1
6 2
81 36 41 40
40
55 25
49 18
70 32
21 26
23 28
75 4
32 6
33 11
42 3
55 34
69 31
58 16
79 28
54 0
69 8
75 20
26 26
63 8
47 33
49 17
44 4
35 18
60 28
52 26
79 17
57 33
34 29
28 27
19 2
70 15
9 3
48 17
65 21
22 2
7 21
54 5
31 31
77 13
51 7
10 20
27 21 30 45
44
0 4
4 17
20 1
11 7
17 4
16 6
2 9
12 15
4 9
11 10
4 19
16 5
1 1
0 8
5 17
0 19
7 15
1 15
9 16
13 8
12 2
26 20
14 20
2 3
1 18
0 15
25 13
26 1
2 19
3 14
5 1
14 1
8 16
26 12
3 1
20 16
25 18
4 6
4 12
25 17
16 4
13 19
14 4
21 5
8 13 13 44
19
2 9
7 7
0 12
6 11
2 5
1 2
2 7
2 11
5 5
2 4
6 5
7 10
5 10
7 5
2 0
4 2
2 1
6 0
6 1
43 10 12 15
23
41 2
26 8
21 9
13 4
28 0
21 3
27 9
13 5
5 6
2 6
37 0
39 5
33 8
40 7
34 1
38 2
15 7
13 7
29 4
23 5
14 9
18 0
24 2
17 63 14 7
26
12 3
1 24
6 18
0 20
13 5
7 42
5 20
1 4
13 8
2 62
16 44
2 47
15 12
3 51
2 5
0 17
6 20
15 21
15 26
4 61
13 3
0 52
4 13
12 16
12 25
6 47
2 50 22 44
33
0 37
0 49
1 4
1 9
1 28
0 39
1 43
0 36
1 29
0 23
1 33
0 38
0 42
1 48
1 39
1 22
1 7
1 0
1 15
0 7
1 5
0 48
0 26
1 13
1 40
0 20
1 25
0 5
0 34
1 36
1 10
0 24
0 8
47 11 28 24
6
31 1
29 4
40 4
24 6
38 3
4 4
11 3 1 3
32
5 2
1 2
7 1
4 0
5 0
0 2
7 2
9 1
6 2
0 1
1 0
9 2
8 1
10 1
6 0
4 2
1 1
9 0
3 0
4 1
5 1
2 2
6 1
10 0
3 2
2 0
8 2
2 1
3 1
7 0
8 0
10 2
4 4 26 13
9
1 1
2 0
1 2
3 3
2 1
0 2
3 2
2 2
3 0
97 63 44 32
27
0 24
74 43
38 52
96 26
24 27
68 11
52 25
85 12
88 46
70 22
49 21
0 4
94 7
16 32
42 22
36 48
10 54
19 17
63 62
87 32
74 46
84 51
92 61
20 41
18 45
66 28
95 42
28 58 6 49
7
8 23
0 44
14 8
23 1
3 14
13 42
3 4
25 55 32 41
4
6 11
15 24
15 45
12 46
51 36 38 5
36
15 35
8 7
11 12
5 7
50 24
35 29
43 19
28 34
14 5
44 27
3 1
5 16
26 9
13 31
38 32
10 4
24 29
10 19
25 29
8 34
33 13
27 33
29 33
8 4
11 31
17 17
12 15
39 10
46 17
49 30
14 21
11 18
6 17
31 21
21 30
47 28
82 92 22 29
22
20 12
29 40
11 72
74 40
22 23
48 10
55 41
14 64
19 73
9 84
67 10
81 80
46 33
22 43
54 42
50 69
69 9
46 70
45 63
81 41
45 23
74 45
75 87 8 27
0
28 50 28 6
39
9 34
8 24
6 34
22 11
24 36
27 15
7 17
20 49
3 28
22 36
26 31
4 26
1 36
0 26
14 48
27 30
0 5
18 6
9 17
14 21
7 7
23 15
25 5
16 41
20 39
1 0
7 19
14 35
27 4
26 30
9 31
3 31
19 1
26 8
21 33
25 49
8 12
17 0
21 39
95 31 30 44
35
79 19
65 29
83 7
84 30
48 19
25 4
6 21
31 27
55 21
23 19
34 15
79 12
58 21
80 18
79 4
79 15
67 27
6 23
0 23
7 8
67 22
34 28
44 12
51 17
52 6
88 26
60 1
61 16
31 16
44 17
18 11
68 25
59 12
28 14
60 6
13 52 23 46
31
6 46
7 27
1 25
12 21
9 51
5 41
7 1
5 4
2 31
12 2
12 13
0 26
0 23
6 24
2 48
5 9
6 50
2 23
4 41
1 34
6 44
11 30
9 14
3 43
5 24
2 8
8 5
0 6
0 19
6 34
8 1
98 4 34 49
37
80 0
66 3
63 1
56 0
94 0
13 2
40 0
38 3
2 1
15 1
33 2
90 3
2 2
76 3
85 2
95 3
37 1
30 2
3 0
12 3
96 2
51 0
72 2
6 2
62 0
92 3
71 1
93 3
73 2
55 1
95 2
66 0
9 1
86 0
16 1
42 3
47 2
73 29 44 18
42
70 9
55 3
11 16
2 25
57 0
62 7
31 26
30 22
32 19
65 6
51 11
4 18
72 22
2 5
61 20
39 6
38 16
50 14
8 8
48 18
18 20
36 6
66 18
28 7
68 20
8 14
51 1
15 26
24 19
33 26
69 0
47 15
42 0
34 25
20 8
19 11
34 12
16 17
18 9
40 20
46 19
43 18
88 25 41 45
21
75 17
39 16
77 22
81 15
63 19
19 4
78 0
50 8
14 22
10 12
29 15
63 16
61 4
56 2
72 23
11 22
34 19
57 14
61 17
50 23
10 9
35 52 23 16
27
26 21
9 33
3 37
1 20
34 5
16 38
10 48
18 18
9 50
7 22
19 32
24 49
7 27
23 17
19 36
18 24
27 18
16 8
34 1
21 9
33 22
26 47
33 1
25 20
29 40
25 48
21 35
